[?25l[0m[38;5;16;48;5;16m                                                       [38;5;232m..[38;5;239;48;5;234m┎[38;5;236;48;5;232m╸[38;5;232;48;5;16m.                                                  [0m
[38;5;16;48;5;16m                                                       [38;5;232m.[38;5;238;48;5;233m┎[38;5;239;48;5;232m▍[38;5;232;48;5;16m.                                                   [0m
[38;5;16;48;5;16m                                                       [38;5;58;48;5;234m┎[38;5;232;48;5;237m▅[48;5;16m.                                                    [0m
[38;5;16;48;5;16m                                                     [38;5;232m.[38;5;58;48;5;234m┏[48;5;235m▘[38;5;232;48;5;16m.                                                     [0m
[38;5;16;48;5;16m                                                    [38;5;232m.[38;5;58;48;5;234m▗[48;5;232m▘[38;5;232;48;5;58m▌[38;5;16;48;5;232m┊[48;5;16m                                                     [0m
[38;5;16;48;5;16m                                                  [38;5;232m. [38;5;240;48;5;233m┍[38;5;239;48;5;16m▘ [38;5;16;48;5;237m▉[38;5;58;48;5;233m▍[38;5;234;48;5;232m╶▁[48;5;16m                                                   [0m
[38;5;16;48;5;16m                                                   [38;5;101m▗[38;5;58;48;5;232m▘[38;5;232;48;5;16m...[38;5;235;48;5;233m╹┑[38;5;237m─[38;5;236;48;5;232m▂[38;5;239;48;5;16m▁[38;5;235;48;5;232m▁[38;5;233m▁[48;5;16m [38;5;232m.                                             [0m
[38;5;16;48;5;16m                                                 [38;5;236m▁[48;5;234m┌[38;5;101;48;5;235m▝[38;5;236;48;5;233m╴[48;5;16m      [38;5;232m. [38;5;16;48;5;236m▇[48;5;237m▇[48;5;238m▆[38;5;237;48;5;234m┑[38;5;234;48;5;232m▁[48;5;16m                                            [0m
[38;5;16;48;5;16m                                            [38;5;232m..[38;5;241;48;5;233m╻[38;5;144m╶[38;5;58m╸[38;5;16;48;5;238m▆[38;5;232;48;5;16m.[38;5;239;48;5;233m▝[38;5;237m▖[48;5;16m          [38;5;232m. [38;5;235;48;5;233m╵[38;5;237m▚[38;5;16;48;5;232m╵[48;5;16m                                          [0m
[38;5;16;48;5;16m                                             [38;5;232;48;5;237m▉[38;5;240;48;5;233m▘[38;5;232;48;5;16m.   [38;5;239;48;5;232m▗[38;5;238;48;5;234m┛[48;5;16m             [38;5;16;48;5;237m▋[38;5;238;48;5;232m▍[38;5;232;48;5;16m.                                         [0m
[38;5;16;48;5;16m                                         [38;5;232m. [38;5;16;48;5;232m┊[38;5;238;48;5;233m▂[38;5;240m┛[48;5;16m   [38;5;232mB[38;5;239;48;5;234m┎[38;5;238;48;5;233m▘[48;5;16m               [38;5;58;48;5;235m┃[38;5;232;48;5;16m.                                         [0m
[38;5;16;48;5;16m                                         [38;5;232m.[38;5;237;48;5;233m╹[38;5;16;48;5;240m▆[38;5;232;48;5;16m@.. .[38;5;233;48;5;238m▎[38;5;232;48;5;16mB..             .[38;5;240;48;5;233m▌[48;5;16m  [38;5;232m.  . .  .                               [0m
[38;5;16;48;5;16m                                                 [38;5;233;48;5;239m▌[38;5;235;48;5;232m▏[48;5;16m                [38;5;101;48;5;233m╹[38;5;239;48;5;234m╴[38;5;238m┒[38;5;239;48;5;16m▁[38;5;59m▁[38;5;238m▂[38;5;58;48;5;233m╶[38;5;240;48;5;16m╼[38;5;236;48;5;233m╵[38;5;16;48;5;238m▆[38;5;239;48;5;234m┖[38;5;238;48;5;16m▂ [38;5;232m..                            [0m
[38;5;16;48;5;16m                                               [38;5;232m. [48;5;237m▋[38;5;239;48;5;16m▍[38;5;232m..                [38;5;237m▗[38;5;238;48;5;232m▘[38;5;16m▇[38;5;232;48;5;16m. .   [38;5;16;48;5;235m▇[38;5;232;48;5;101m▇[38;5;16;48;5;236m▅[48;5;237m▅[48;5;233m╴[38;5;239;48;5;232m▖[48;5;16m                          [0m
[38;5;16;48;5;16m                                               [38;5;232m.[38;5;101;48;5;234m┎[38;5;239;48;5;232m▘[38;5;234m╵[38;5;237;48;5;16m▖[38;5;232m.               .[38;5;58;48;5;233m┃[48;5;16m           [38;5;232m.[38;5;16;48;5;239m▌[38;5;236;48;5;16m▏                          [0m
[38;5;16;48;5;16m                                              [48;5;232m┊[38;5;233;48;5;58m▚[38;5;16;48;5;236m▇[48;5;16m  [38;5;237m▌[38;5;232m.               .[38;5;238;48;5;234m┖[38;5;16;48;5;232m╴[48;5;16m          [38;5;232m.[38;5;58;48;5;234m▝╸[38;5;239;48;5;232m▂[38;5;16m╴[48;5;16m                        [0m
[38;5;16;48;5;16m                                            [38;5;232m.B[38;5;144;48;5;235m╱[38;5;232;48;5;16mB  [48;5;101m▉[38;5;239;48;5;232m▏[38;5;232;48;5;16m.                 [38;5;101;48;5;234m╲[38;5;232;48;5;16mB.         [38;5;234m▁[38;5;236;48;5;233m▘[48;5;16m [38;5;232;48;5;239m▆[38;5;239;48;5;233m╺[38;5;101;48;5;232m─╴[48;5;16m [38;5;232m.                   [0m
[38;5;16;48;5;16m                                           [38;5;232m.[38;5;16;48;5;232m┊[38;5;144;48;5;235m╱[38;5;232;48;5;16mB    [38;5;236;48;5;233m╹[38;5;239;48;5;232m╾[38;5;237m▂[38;5;232;48;5;16mB               .[38;5;241;48;5;234m▗[38;5;238;48;5;232m▖[38;5;232;48;5;16m..       [38;5;241;48;5;233m╵[38;5;232;48;5;16mL    .                     [0m
[38;5;16;48;5;16m                                [38;5;232m. [38;5;239;48;5;232m▂[38;5;240;48;5;233m╼[38;5;237m▘[38;5;240;48;5;234m┕[38;5;237;48;5;16m▖[38;5;232m. . [38;5;235m▁[38;5;233;48;5;240m▚[48;5;16m [38;5;232m.    .  [48;5;237m▆[38;5;240;48;5;233m╺[38;5;237;48;5;16m▖[38;5;232m.             [38;5;101;48;5;235m╱[38;5;240;48;5;16m▝[38;5;239;48;5;232m▖[48;5;16m        [38;5;232m@[38;5;239;48;5;232m╸[48;5;16m                          [0m
[38;5;16;48;5;16m                              [48;5;232m┊[38;5;238;48;5;234m┎[38;5;101;48;5;232m╼[38;5;237;48;5;233m▝[38;5;16;48;5;236m▇[48;5;16m   [38;5;237;48;5;233m╹[38;5;236m▘[38;5;232;48;5;235m▆[38;5;16;48;5;237m▆[48;5;238m▆[48;5;239m▇[38;5;58;48;5;235m┃[48;5;16m          [38;5;232m.[48;5;239m▌[38;5;233;48;5;16m╸[38;5;237;48;5;232m▗[48;5;16m [38;5;232m.       . [38;5;240;48;5;234m┏[38;5;236;48;5;232m▏[38;5;232;48;5;16m.[38;5;239;48;5;234m┗[38;5;16;48;5;232m╵[48;5;16m                                   [0m
[38;5;16;48;5;16m                            [48;5;232m┊[38;5;101;48;5;234m╶[38;5;238m╹[48;5;16m [38;5;232m..    .    [38;5;16;48;5;232m╴[38;5;235;48;5;239m┛[48;5;16m [38;5;232m.        .[38;5;16;48;5;237m▊[38;5;240;48;5;232m▎[38;5;232;48;5;16m.[38;5;16;48;5;237m▅[48;5;233m╴[38;5;232;48;5;16m.      [38;5;16;48;5;233m╴[38;5;233;48;5;239m▚[38;5;16;48;5;232m╴[38;5;232;48;5;16m. B[38;5;101;48;5;232m▍[38;5;232;48;5;16m.                                  [0m
[38;5;16;48;5;16m                           [38;5;237;48;5;232m▁[38;5;59;48;5;235m┚[48;5;16m [38;5;232m.            .[38;5;101;48;5;235m┃[48;5;16m           [38;5;232m.[38;5;101;48;5;234m┖[38;5;233;48;5;16m┈         [38;5;238m▝[38;5;239m▍    [38;5;238;48;5;233m╹┒[38;5;235;48;5;16m▁[38;5;232m..                               [0m
[38;5;16;48;5;16m                        [38;5;232m.[38;5;16;48;5;232m╴[38;5;101;48;5;234m╺[38;5;238;48;5;232m▘[48;5;16m              [38;5;237;48;5;232m▂[38;5;234;48;5;238m▚[38;5;239;48;5;16m▘[38;5;232m..                     [38;5;16;48;5;232m▉[38;5;101;48;5;16m▍  [38;5;232m.   [38;5;16;48;5;238m▆[48;5;234m╴[38;5;240;48;5;232m╾[38;5;238;48;5;233m┒[38;5;232;48;5;16mL.                            [0m
[38;5;16;48;5;16m                         [38;5;101;48;5;235m╽[38;5;232;48;5;16mB..          . [38;5;240;48;5;233m▗[38;5;239m▘[48;5;16m                         [38;5;232m.[38;5;101;48;5;233m┃[38;5;232;48;5;16m.       .L[38;5;240;48;5;234m╺[38;5;237;48;5;233m▁[48;5;16m [38;5;232m.                          [0m
[38;5;16;48;5;16m                        [38;5;232m.[38;5;233;48;5;101m▊[38;5;101;48;5;232m▏[38;5;232;48;5;16m▁          .[38;5;236;48;5;232m▂[38;5;58;48;5;235m▗[38;5;239m╹[48;5;16m [38;5;232m. . .                     [38;5;101;48;5;234m┖[38;5;236;48;5;16m▁        [38;5;232m..[38;5;239m▝[38;5;101;48;5;233m┱[38;5;235m╴[38;5;234;48;5;232m▁[38;5;232;48;5;16m.                        [0m
[38;5;16;48;5;16m                     [38;5;232m.  [38;5;239;48;5;232m▗[38;5;240;48;5;233m┛[38;5;232;48;5;16m.[38;5;16;48;5;233m▇[38;5;234m┊[48;5;16m        [38;5;232m..[48;5;237m▝[38;5;236;48;5;233m▘[38;5;58;48;5;234m╹[38;5;232;48;5;233m╴[38;5;16;48;5;232m╴[48;5;233m╴[38;5;236m╵[38;5;235m╵[38;5;240m┓[38;5;232;48;5;16m.                    [38;5;16;48;5;232m╴[38;5;239m▌[38;5;232;48;5;16m.         .[38;5;16;48;5;238m▋[38;5;238;48;5;232m▏[38;5;16;48;5;234m▇[48;5;233m╴[38;5;236;48;5;232m╸[48;5;16m                       [0m
[38;5;16;48;5;16m                   [38;5;232m..[38;5;238m▁▃[38;5;101;48;5;234m╸[38;5;232;48;5;237m▇[48;5;16m . [38;5;236;48;5;232m▝[38;5;16;48;5;233m╵[38;5;232;48;5;16m.       [38;5;101;48;5;234m▗[38;5;239;48;5;232m▘[48;5;16m [38;5;232m.     [38;5;16;48;5;239m▌[48;5;16m                    [38;5;236;48;5;232m▁[38;5;101;48;5;235m╱[38;5;16;48;5;234m▇[38;5;236;48;5;233m▗[48;5;16m         [38;5;232m. [38;5;238;48;5;233m┕[38;5;239;48;5;16m▖                         [0m
[38;5;16;48;5;16m                    [38;5;240;48;5;234m╸[38;5;232;48;5;239m▆[48;5;16m..    . .    . [38;5;238;48;5;233m▄[38;5;58;48;5;232m▘[38;5;232;48;5;16m.      .[38;5;16;48;5;101m▋[48;5;16m                    [38;5;232;48;5;238m▆[48;5;16m. [38;5;16;48;5;232m╵[38;5;235;48;5;233m┕[48;5;16m           [38;5;58;48;5;233m┕[38;5;235;48;5;16m▏                        [0m
[38;5;16;48;5;16m                                   [48;5;232m╴[38;5;233;48;5;238m▘[38;5;238;48;5;232m▘[38;5;232;48;5;16m.       .[38;5;16;48;5;101m▋[38;5;237;48;5;233m▁[38;5;232;48;5;16m.                                   [38;5;237;48;5;233m▘[48;5;16m                        [0m
[38;5;16;48;5;16m                                   [38;5;232;48;5;58m▌[38;5;238;48;5;232m▎[38;5;232;48;5;16m.         [38;5;233;48;5;101m▊[38;5;234;48;5;58m▆[38;5;101;48;5;235m╌[38;5;238;48;5;232m▂[48;5;16m [38;5;232m.                               ..                        [0m
[38;5;16;48;5;16m                                 [38;5;232m..[38;5;234;48;5;239m▚[38;5;236;48;5;232m▏[48;5;16m         [38;5;232m.[38;5;101;48;5;234m┫[38;5;232;48;5;16m..[38;5;16;48;5;237m▇[38;5;232;48;5;16mL.                                                         [0m
[38;5;16;48;5;16m                                  [38;5;233;48;5;239m▚[38;5;232;48;5;236m▇[48;5;16m.          [48;5;238m▇[38;5;240;48;5;233m╺[38;5;238;48;5;16m▖[38;5;232m.                                                           [0m
[38;5;16;48;5;16m                              [38;5;232m.  [38;5;16;48;5;238m▘[38;5;237;48;5;16m▘                                                                           [0m
[38;5;16;48;5;16m                                [38;5;233;48;5;238m▚[38;5;237;48;5;233m┛[48;5;16m                                                                            [0m
[38;5;16;48;5;16m                                [38;5;232mB. .                                                                          [0m
[38;5;16;48;5;16m                                                                                                              [0m
[38;5;16;48;5;16m                                                                                                              [0m
[38;5;16;48;5;16m                                                                                                              [0m
[38;5;16;48;5;16m                                                                                                              [0m
[38;5;16;48;5;16m                                                                                                              [0m
 [38;5;1m                                                                                                             [0m
[?25h